clockwise: -0.3579352532252414rpm+3.699813766151358
counterclockwise: -0.36447965563449725rpm-4.917666352553333

Averaged Coefficients: (-0.36120745442986935, 4.3087400593523455)
